01000
01108
01221
0134C
0148B
015DE
01747
018C8
01A61
01C14
01DE4
01FD1
021DF
0240E
02661
028DB
02B7E
02E4C
03148
03476
037D8
03B72
03F47
0435C
047B4
04C54
05141
0567E
05C12
06203
06855
06F0F
07639
07DD9
085F7
08E9B
097CD
0A198
0AC04
0B71C
0C2EB
0CF7D
0DCDF
0EB1E
0FA48
10A6C
11B9B
12DE5
1415E
15618
16C28
183A4
19CA5
1B742
1D396
1F1BE
211D8
23404
25865
27F1E
2A856
2D437
302EC
334A4
36992
3A1E9
3DDE2
01DBA
061AF
0AA07
0F709
14903
1A046
1FD29
2600B
2C94D
33959
3B09F
02F96
0B6BD
1469C
1DFC2
282C9
33053
3E90F
0ADB5
17F09
25DDE
34B12
04792
1545B
2727A
3A30D
0E744
24065
3AFC7
136DC
2D729
09250
26A0C
06034
276BF
0AFC4
30D7B
19244
040A2
31B44
22506
160F0
0D240
07C68
06310
08A21
0F5C2
1AA5F
2ACAC
001AD
1AEB7
3B978
227FA
100AD
04A6B
00C7D
04EA6
11929
274D1
06AFB
3059D
24F54
2536A
31DE3
0BB8C
33A03
2A7C9
3144A
08FF8
32C4E
2FBE8
0129A
2857C
26B02
3DB14
2EF24
3C24A
27158
31B00
1DFF4
2E2F4
2490C
039A4
0DEB0
064D4
2FBA0
0D5B0
228DC
32E80
023A8
14950
2E498
13F30
0A770
170D0
3F418
08FD8
3A8A8
1A9C0
30518
03420
1B810
01A70
3EDB0
1CDC0
26070
25680
26BF0
368D0
22240
37B10
064A0
1E000
0FEC0
2E400
0C5C0
3EE20
1BC60
3A640
33A00
21F20
21900
10780
0E980
3DFC0
02CC0
03940
29580
1FC00
15480
3B6C0
06D40
2F8C0
31480
0B900
01F80
1C900
27E80
35980
1C700
38E80
2D680
22980
08100
14700
06100
23700
3BB00
27400
08600
0BB00
29000
24100
0D300
02000
2E800
0E200
2C400
25A00
29200
39A00
2E800
35200
12E00
26000
27400
2C400
28800
30400
39400
1E800
21C00
2D800
19400
2B000
1A000
13C00
3D800
39000
28000
31000
02800
18000
00800
21800
3E000
3C800
2D000
10800
1F000
0F000
22000
27000
08000
11000
3F000
05000
1F000
1A000
20000
0C000
38000
08000
3E000
16000
08000
2E000
0C000
32000
16000
22000
20000
14000
10000
30000
20000
24000
24000
2C000
10000
28000
00000
10000
00000
10000
10000
28000
20000
18000
08000
20000
28000
18000
30000
30000
00000
00000
00000
10000
20000
00000
00000
20000
20000
00000
20000
00000
00000
00000
00000
00000
20000
20000
00000
20000
00000
00000
00000
00000
00000
00000
00000
00000
00000
00000
00000
00000
00000
00000
00000
00000
00000
00000
00000
00000
00000
00000
00000
00000
00000
00000
00000
00000
00000
00000
00000
00000
00000
00000
00000
00000
00000
00000
00000
00000
00000
00000
00000
00000
00000
00000
00000
00000
00000
00000
00000
00000
00000
00000
00000
00000
00000
00000
00000
00000
00000
00000
00000
00000
00000
00000
00000
00000
00000
00000
00000
00000
00000
00000
00000
00000
00000
00000
00000
00000
00000
00000
00000
00000
00000
00000
00000
00000
00000
00000
00000
00000
00000
00000
00000
00000
00000
00000
00000
00000
00000
00000
00000
00000
00000
00000
00000
00000
00000
00000
00000
00000
00000
00000
00000
00000
00000
00000
00000
00000
00000
00000
00000
00000
00000
00000
00000
00000
00000
00000
00000
00000
00000
00000
00000
00000
00000
00000
00000
00000
00000
00000
00000
00000
00000
00000
00000
00000
00000
00000
00000
00000
00000
00000
00000
00000
00000
00000
00000
00000
00000
00000
00000
00000
00000
00000
00000
00000
00000
00000
00000
00000
00000
00000
00000
00000
00000
00000
00000
00000
00000
00000
00000
00000
00000
00000
00000
00000
00000
00000
00000
00000
00000
00000
00000
00000
00000
00000
00000
00000
00000
00000
00000
00000
00000
00000
00000
00000
00000
00000
00000
00000
00000
00000
00000
00000
00000
00000
00000
00000
00000
00000
00000
00000
00000
00000
00000
00000
00000
00000
00000
00000
00000
00000
00000
00000
00000
00000
00000
00000
00000
00000
00000
00000
00000
00000
00000
00000
00000
00000
00000
00000
00000
00000
00000
00000
00000
00000
00000
00000
00000
00000
00000
00000
00000
00000
00000
00000
00000
00000
00000
00000
00000
00000
00000
00000
00000
00000
00000
00000
00000
00000
00000
00000
00000
00000
00000
00000
00000
00000
00000
00000
00000
00000
00000
00000
00000
00000
00000
00000
00000
00000
00000
00000
00000
00000
00000
00000
00000
00000
00000
00000
00000
00000
00000
00000
00000
00000
00000
00000
00000
00000
00000
00000
00000
00000
00000
00000
00000
00000
00000
00000
00000
00000
00000
00000
00000
00000
00000
00000
00000
00000
00000
00000
00000
00000
00000
00000
00000
00000
00000
00000
00000
00000
00000
00000
00000
00000
00000
00000
00000
00000
00000
00000
00000
00000
00000
00000
00000
00000
00000
00000
00000
00000
00000
00000
00000
00000
00000
00000
00000
00000
00000
00000
00000
00000
00000
00000
00000
00000
00000
00000
00000
00000
00000
00000
00000
00000
00000
00000
00000
00000
00000
00000
00000
00000
00000
00000
00000
00000
00000
00000
00000
00000
00000
00000
00000
00000
00000
00000
00000
00000
00000
00000
00000
00000
00000
00000
00000
00000
00000
00000
00000
00000
00000
00000
00000
00000
00000
00000
00000
00000
00000
00000
00000
00000
00000
00000
00000
00000
00000
00000
00000
00000
00000
00000
00000
00000
00000
00000
00000
00000
00000
00000
00000
00000
00000
00000
00000
00000
00000
00000
00000
00000
00000
00000
00000
00000
00000
00000
00000
00000
00000
00000
00000
00000
00000
00000
00000
00000
00000
00000
00000
00000
00000
00000
00000
00000
00000
00000
00000
00000
00000
00000
00000
00000
00000
00000
00000
00000
00000
00000
00000
00000
00000
00000
00000
00000
00000
00000
00000
00000
00000
00000
00000
00000
00000
00000
00000
00000
00000
00000
00000
00000
00000
00000
00000
00000
00000
00000
00000
00000
00000
00000
00000
00000
00000
00000
00000
00000
00000
00000
00000
00000
00000
00000
00000
00000
00000
00000
00000
00000
00000
00000
00000
00000
00000
00000
00000
00001
00001
00001
00001
00001
00001
00001
00001
00001
00001
00001
00001
00002
00002
00002
00002
00002
00002
00003
00003
00003
00003
00003
00004
00004
00004
00005
00005
00005
00006
00006
00006
00007
00007
00008
00008
00009
0000A
0000A
0000B
0000C
0000D
0000D
0000E
0000F
00010
00011
00012
00014
00015
00016
00018
00019
0001B
0001D
0001F
00021
00023
00025
00028
0002A
0002D
00030
00033
00036
0003A
0003E
00042
00046
0004B
0004F
00055
0005A
00060
00066
0006D
00074
0007B
00083
0008C
00095
0009E
000A9
000B3
000BF
000CB
000D9
000E7
000F5
00105
00116
00128
0013B
00150
00165
0017C
00195
001AF
001CB
001E9
00208
0022A
0024E
00274
0029C
002C7
002F5
00326
0035A
00391
003CC
0040B
0044E
00495
004E1
00531
00587
005E2
00644
006AB
00719
0078E
0080B
00890
0091D
009B4
00A54
00AFF
00BB4
00C75
00D43
00E1E
00F07

